Run semi-empirical minimization
 &qmmm
  maxcyc=0  qmcharge=0,
 /
   1   H22       24.7610        3.8670      -26.2160 
   1   H10       25.5920      -10.2050      -27.5310 
   1   H15       26.9500      -13.9640      -25.1560 
   1   H16       27.1280      -15.4470      -24.2060 
   1   H18       23.9100        1.8040      -25.7100 
   1   H17       22.5290        0.8810      -25.0740 
   1   H01       23.5910       -5.3230      -24.9360 
   1   H19       24.0540        2.4360      -23.0470 
   1   H28       30.1460        4.4310      -29.3040 
   1   H20       22.2960        2.2430      -23.2490 
   1   H23       27.6730        7.3420      -24.1300 
   1   H21       25.6630        6.5070      -22.9110 
   1   H05       27.1520       -7.1140      -27.1420 
   1   H24       26.7710        4.7000      -27.4320 
   1   H08       25.9870       -6.4960      -29.7080 
   1   H13       27.1070      -16.0110      -26.6030 
   1   H14       25.6340      -16.6420      -25.8300 
   1   H27       31.6970        5.2790      -29.2090 
   1   H04       26.4440       -2.9160      -27.1160 
   1   H03       25.6800       -0.8900      -25.8790 
   1   H25       30.6190        6.8870      -27.5580 
   1   H02       22.8270       -3.2990      -23.7010 
   1   H07       27.6150       -7.1640      -29.9690 
   1   H26       29.9310        6.9580      -29.1990 
   1   H06       28.3170       -6.1490      -28.0770 
   1   H09       27.4460      -11.5480      -31.1990 
   1   H12       25.2580      -12.5770      -26.8310 
   1   H11       27.1120      -13.9180      -30.5000 
   6    C1       25.0680       -4.2520      -26.1070 
   6    C2       24.0480       -4.3550      -25.1430 
   6    C3       23.6170       -3.2150      -24.4470 
   6    C4       24.2040       -1.9630      -24.7110 
   6    C5       25.2230       -1.8580      -25.6730 
   6    C6       25.6540       -3.0000      -26.3700 
   6    C7       25.5260       -5.4640      -26.8460 
   6   C20       23.7470       -0.7490      -23.9710 
   8   O33       25.0320       -6.5460      -26.6320 
   8   O40       22.8710       -0.8210      -23.1390 
   8   O34       26.4940       -5.2550      -27.7340 
   6    C8       27.2670       -6.4220      -27.9760 
   6    C9       26.7860       -7.0910      -29.2650 
   8   O35       26.3000       -8.3940      -28.9680 
   6   C10       26.7400       -9.3050      -29.8310 
   6   C11       26.5410      -10.7250      -29.4120 
   6   C12       26.9680      -11.7720      -30.2450 
   6   C16       25.9240      -11.0160      -28.1790 
   6   C13       26.7800      -13.1080      -29.8510 
   6   C14       26.1640      -13.4020      -28.6200 
   6   C15       25.7360      -12.3530      -27.7850 
   6   C17       25.9640      -14.8210      -28.2000 
   8   O37       26.3250      -15.7330      -28.9060 
   8   O36       27.2670       -9.0380      -30.8840 
   8   O38       25.3730      -14.9840      -27.0210 
   6   C18       26.1690      -15.7380      -26.1190 
   6   C19       26.4640      -14.8980      -24.8740 
   8   O39       25.2420      -14.6340      -24.2220 
   1   H75       25.4450      -14.1020      -23.4370 
   8   O41       24.3660        0.3810      -24.2950 
   6   C21       23.4760        1.3550      -24.8170 
   6   C22       23.2350        2.4400      -23.7660 
   8   O42       23.1700        3.7100      -24.4000 
   6   C23       23.8780        4.6340      -23.7560 
   6   C24       25.0810        5.1330      -24.4850 
   6   C25       25.9040        6.1130      -23.8980 
   6   C29       25.3970        4.6260      -25.7600 
   6   C26       27.0370        6.5830      -24.5850 
   6   C27       27.3520        6.0750      -25.8590 
   6   C28       26.5290        5.0950      -26.4450 
   6   C30       28.5560        6.5750      -26.5870 
   8   O44       29.2740        7.4160      -26.0980 
   8   O43       23.5930        5.0590      -22.6610 
   8   O45       28.7630        6.0310      -27.7820 
   6   C31       30.0440        6.3420      -28.3070 
   6   C32       30.7780        5.0510      -28.6680 
   8   O46       31.0740        4.3640      -27.4730 
   1   H76       31.5390        3.5480      -27.7200 

